	Alysiella_crassa_DSM_2578_DSM_2578	Alysiella_crassa_NCTC10283	Alysiella_crassa_S6	Alysiella_filiformis_DSM_16848_DSM_16848	Alysiella_filiformis_DSM_16848	Conchiformibius_kuhniae_DSM_17694_DSM_17694	Conchiformibius_steedae_COT-280	Conchiformibius_steedae_DSM_2580_DSM_2580	Conchiformibius_steedae_DSM_2580	Eikenella_corrodens_491_NMEN	Eikenella_corrodens_ATCC_23834_ATCC_23834	Eikenella_corrodens_CC92I_CC92I	Eikenella_corrodens_EI_01	Eikenella_corrodens_EI_03	Eikenella_corrodens_EI_04	Eikenella_corrodens_EI_05	Eikenella_corrodens_EI_06	Eikenella_corrodens_EI_07	Eikenella_corrodens_EI_08	Eikenella_corrodens_EI_09	Eikenella_corrodens_FDAARGOS_1474	Eikenella_corrodens_KCOM_1378	Eikenella_corrodens_KCOM_3110	Eikenella_corrodens_NCTC10596	Eikenella_corrodens_NML01-0040	Eikenella_corrodens_NML01-0328	Eikenella_corrodens_NML04-0072	Eikenella_corrodens_NML120819	Eikenella_corrodens_NML130388	Eikenella_corrodens_NML140207	Eikenella_exigua_EI_02	Eikenella_exigua_PXX	Eikenella_glucosivorans_S3360	Eikenella_halliae_NML130454	Eikenella_longinqua_NML02-A-017	Eikenella_sp._HMSC061C02_HMSC061C02	Eikenella_sp._HMSC071B05_HMSC071B05	Eikenella_sp._HMSC073A11_HMSC073A11	Eikenella_sp._Marseille-P7795_Marseille-P7795	Eikenella_sp._NML01-A-086_NML01-A-086	Eikenella_sp._NML03-A-027_NML03-A-027	Eikenella_sp._NML96-A-049_NML96-A-049	Eikenella_sp._NML97-A-109_NML97-A-109	Eikenella_sp._NML99-0057_NML99-0057	Eikenella_sp._NML070372_NML070372	Eikenella_sp._NML080894_NML080894	Eikenella_sp._NML120348_NML120348	Kingella_bonacorsii_Marseille-Q4569	Kingella_denitrificans_ATCC_33394_ATCC_33394	Kingella_denitrificans_FDAARGOS_1060	Kingella_denitrificans_GC77	Kingella_denitrificans_NCTC10995	Kingella_kingae_4177_66	Kingella_kingae_11220434_11220434	Kingella_kingae_AA068_AA068	Kingella_kingae_AA105_AA105	Kingella_kingae_AA255_AA255	Kingella_kingae_AA417_AA417	Kingella_kingae_ATCC_23330_ATCC_23330	Kingella_kingae_ATCC_23331	Kingella_kingae_ATCC_23332	Kingella_kingae_BB016_BB016	Kingella_kingae_BB060_BB060	Kingella_kingae_BB114_BB114	Kingella_kingae_BB631_BB631	Kingella_kingae_CC254_CC254	Kingella_kingae_chl2764	Kingella_kingae_chl3548	Kingella_kingae_chl4475	Kingella_kingae_D2363_D2363	Kingella_kingae_D7330_D7330	Kingella_kingae_F41215CHC	Kingella_kingae_KK3_KK3	Kingella_kingae_KK6_KK6	Kingella_kingae_KK12_KK12	Kingella_kingae_KK56_KK56	Kingella_kingae_KK60_KK60	Kingella_kingae_KK75_KK75	Kingella_kingae_KK83_KK83	Kingella_kingae_KK88_KK88	Kingella_kingae_KK93_KK93	Kingella_kingae_KK97_KK97	Kingella_kingae_KK101_KK101	Kingella_kingae_KK107_KK107	Kingella_kingae_KK113_KK113	Kingella_kingae_KK128_KK128	Kingella_kingae_KK141_KK141	Kingella_kingae_KK145_KK145	Kingella_kingae_KK156_KK156	Kingella_kingae_KK158_KK158	Kingella_kingae_KK171_KK171	Kingella_kingae_KK189_KK189	Kingella_kingae_KK190_KK190	Kingella_kingae_KK199_KK199	Kingella_kingae_KK238_KK238	Kingella_kingae_KK242_KK242	Kingella_kingae_KK245_KK245	Kingella_kingae_KK260_KK260	Kingella_kingae_KK274_KK274	Kingella_kingae_KK274	Kingella_kingae_KK411_KK411	Kingella_kingae_NCTC10529	Kingella_kingae_NCTC10746	Kingella_kingae_PV1748_PV1748	Kingella_kingae_PYKK081_PYKK081	Kingella_kingae_Vir5453_Vir5453	Kingella_negevensis_kingella_eburonensis	Kingella_negevensis_Pharynx	Kingella_negevensis_SW7208426	Kingella_oralis_ATCC_51147_ATCC_51147	Kingella_oralis_DSM_18271	Kingella_potus_3_SID_1128	Kingella_potus_NCTC13336	Kingella_sp._CICC_24913_CICC_24913	Neisseria_bacilliformis_203_NMEN	Neisseria_bacilliformis_914_NLAC	Neisseria_bacilliformis_ATCC_BAA_1200	Neisseria_bacilliformis_DSM_23338	Neisseria_elongata_C2011003085	Neisseria_elongata_C2013018262	Neisseria_elongata_C2014003241	Neisseria_elongata_M15910	Neisseria_elongata_M15911	Neisseria_elongata_NCTC10660	Neisseria_elongata_subsp._elongata_ATCC_25295	Neisseria_elongata_subsp._glycolytica_404_NMEN	Neisseria_elongata_subsp._glycolytica_431_NMEN	Neisseria_elongata_subsp._glycolytica_1279_NMEN	Neisseria_elongata_subsp._glycolytica_ATCC_29315_ATCC_29315	Neisseria_elongata_subsp._glycolytica_NCTC11050	Neisseria_shayeganii_871	Neisseria_shayeganii_DSM22244	Simonsiella muelleri_DSM_2579	Simonsiella_muelleri_ATCC_29453
Alysiella_crassa_DSM_2578_DSM_2578	100	99.910675	99.882217	85.408379	85.444427	78.017929	78.476028	78.529961	78.455688	0	0	0	0	0	0	0	0	0	0	0	0	0	0	0	0	0	0	0	0	0	0	0	0	0	0	0	0	0	0	0	0	0	0	0	0	0	0	77.687454	77.720322	77.695625	77.698608	77.698036	79.7547	80.013596	79.681595	79.681183	79.723938	79.947968	79.757431	79.82724	79.95813	79.773239	79.727943	79.809357	79.691498	79.780617	79.878021	79.803795	79.892227	79.602341	79.892128	79.762115	79.814316	79.922981	79.998497	79.712189	79.669685	79.690353	80.009659	79.648209	79.669098	79.668777	79.935738	79.999237	79.661049	79.748161	79.610695	79.961929	79.942078	79.6604	79.72757	79.635651	79.629372	79.919281	79.666832	79.793465	79.736588	79.929047	79.935806	79.875824	79.908127	79.811981	79.919678	79.680283	79.778473	79.785469	79.0578	79.135635	79.136421	77.890594	77.86937	0	0	76.719437	0	0	0	0	0	0	0	0	0	0	0	0	0	0	0	0	0	0	79.657486	79.821289
Alysiella_crassa_NCTC10283	99.910675	100	99.968521	85.233276	85.456833	77.973686	78.457794	78.643356	78.612099	0	0	0	0	0	0	0	0	0	0	0	0	0	0	0	0	0	0	0	0	0	0	0	0	0	0	0	0	0	0	0	0	0	0	0	0	0	0	77.925682	77.643478	77.824692	77.756561	77.77932	79.761421	79.887085	79.672333	79.645752	79.806175	79.87645	79.63829	79.71151	79.999161	79.690247	79.66124	79.827423	79.606934	79.730804	79.729614	79.632126	79.706863	79.628235	79.765991	79.671524	79.804504	79.875008	79.918701	79.696259	79.576485	79.645958	79.917084	79.643967	79.620407	79.595612	79.837021	79.884064	79.754372	79.658432	79.482819	79.889435	79.815826	79.60495	79.635742	79.543304	79.577309	79.854195	79.564606	79.694725	79.748917	79.84861	79.834366	79.827957	79.800369	79.632843	79.896805	79.743973	79.65892	79.681656	79.109596	79.218697	79.191902	77.902863	77.983871	0	0	76.817856	0	0	0	0	0	0	0	0	0	0	0	0	0	0	0	0	0	0	79.805527	79.758194
Alysiella_crassa_S6	99.882217	99.968521	100	85.44986	85.604996	78.085754	78.52507	78.670029	78.583817	0	0	0	0	0	0	0	0	0	0	0	0	0	0	0	0	0	0	0	0	0	0	0	0	0	0	0	0	0	0	0	0	0	0	0	0	0	0	78.039581	77.741364	77.962509	77.800217	77.980667	79.827202	79.922264	79.639442	79.584518	79.719917	79.933899	79.59404	79.835648	79.972946	79.69603	79.650986	79.796173	79.629044	79.790878	79.774689	79.625458	79.76532	79.564972	79.764725	79.768738	79.713593	79.917236	79.912567	79.671387	79.561592	79.682892	79.917336	79.558372	79.695526	79.585678	79.804245	79.893524	79.762009	79.657684	79.496178	79.881165	79.841812	79.63916	79.636406	79.558884	79.506699	79.915176	79.578781	79.796844	79.80014	79.834747	79.847244	79.844597	79.802414	79.677483	79.942863	79.728287	79.723129	79.744049	79.003204	79.128159	79.180542	77.888268	78.083893	0	0	76.703842	0	0	0	0	0	0	0	0	0	0	0	0	0	0	0	0	0	0	79.806824	79.881699
Alysiella_filiformis_DSM_16848_DSM_16848	85.408379	85.233276	85.44986	100	99.937813	78.172424	78.419205	78.19455	78.236694	0	0	0	0	0	0	0	0	0	0	0	0	0	0	0	0	0	0	0	0	0	0	0	0	0	0	0	0	0	0	0	0	0	0	0	0	0	0	77.721832	77.670418	77.826904	77.679466	77.809814	79.417267	79.424995	79.426422	79.341553	79.390038	79.399307	79.319191	79.388321	79.414062	79.333328	79.298035	79.509872	79.395874	79.447823	79.47097	79.355698	79.492241	79.389648	79.341141	79.422073	79.484665	79.399643	79.323242	79.355621	79.319305	79.408295	79.368011	79.307632	79.347702	79.273003	79.397491	79.345764	79.443954	79.320679	79.387604	79.339767	79.400803	79.389175	79.352737	79.350647	79.297256	79.416283	79.333725	79.388168	79.446457	79.429108	79.426788	79.37648	79.423447	79.373314	79.295563	79.444336	79.431	79.44001	78.580086	78.579437	78.518898	77.8992	77.827347	0	0	76.476097	0	0	0	0	0	0	0	0	0	0	0	0	0	0	0	0	0	0	78.60434	78.606979
Alysiella_filiformis_DSM_16848	85.444427	85.456833	85.604996	99.937813	100	78.237106	78.348763	78.38884	78.524094	0	0	0	0	0	0	0	0	0	0	0	0	0	0	0	0	0	0	0	0	0	0	0	0	0	0	0	0	0	0	0	0	0	0	0	0	0	0	78.027893	77.818565	78.143135	77.873825	78.1716	79.583542	79.603973	79.513947	79.546234	79.564163	79.648033	79.512375	79.65715	79.745415	79.580315	79.507515	79.66954	79.542557	79.608635	79.603355	79.533333	79.553452	79.580338	79.549088	79.724075	79.589157	79.63179	79.521515	79.519188	79.493797	79.520447	79.525948	79.520142	79.595604	79.449997	79.556824	79.548294	79.522034	79.571091	79.548157	79.551392	79.576141	79.557793	79.531914	79.507217	79.532784	79.610916	79.559471	79.556793	79.610764	79.595177	79.629181	79.486824	79.624596	79.567169	79.571518	79.569008	79.688324	79.567017	78.663177	78.704826	78.782776	78.055405	78.076675	0	0	76.700607	0	0	0	0	0	0	0	0	0	0	0	0	0	0	0	0	0	0	78.914856	78.892982
Conchiformibius_kuhniae_DSM_17694_DSM_17694	78.017929	77.973686	78.085754	78.172424	78.237106	100	81.94519	81.92601	81.907089	77.544373	77.681229	77.73597	77.428688	77.52626	77.507858	77.458603	77.525925	77.52813	77.56839	77.549606	77.42662	77.766899	77.540688	77.719704	77.621071	77.62397	77.746391	77.652939	77.498672	77.402115	77.487701	77.966843	77.649109	77.476471	77.460175	77.49321	77.630127	77.799377	77.649269	77.720718	77.789536	77.639519	77.522087	77.534485	77.308853	77.577057	77.525803	78.036575	78.327637	78.362839	78.176804	78.316917	77.099747	77.088257	77.258774	77.200317	77.262375	77.13353	77.011734	77.155106	77.158218	77.168884	77.161194	77.170593	77.007408	77.18219	77.105034	77.036934	77.065491	77.043488	77.054314	77.106873	77.074982	77.11145	77.077438	77.162155	77.209061	77.225174	77.04039	77.169937	77.153763	77.06134	77.035172	77.10569	77.08651	77.141663	77.182388	77.107422	77.118042	77.250862	77.038895	77.248398	77.148941	77.106705	77.174858	77.11174	77.177834	77.087799	77.051163	77.14624	77.117722	77.156036	77.127853	77.116013	77.090683	77.012817	76.781433	76.858047	76.839424	77.963287	77.976089	77.812325	77.897598	78.355072	77.992081	77.948929	77.971619	78.009689	77.853615	77.726372	77.737045	77.607971	77.648102	77.656219	77.676483	77.740471	77.672577	77.630371	77.642532	77.584671	78.168579	78.059555	76.413277	0
Conchiformibius_steedae_COT-280	78.476028	78.457794	78.52507	78.419205	78.348763	81.94519	100	96.177032	96.157974	0	0	0	0	0	77.173882	0	0	0	0	0	0	77.208206	0	0	0	0	0	0	0	77.17202	77.231117	77.271622	0	0	77.203468	0	0	77.158714	0	0	76.981758	77.027542	0	0	0	0	0	77.807877	77.848526	77.948547	77.713516	77.914185	77.635231	77.524178	77.544388	77.572708	77.624512	77.405922	77.564362	77.740524	77.58461	77.567078	77.559494	77.554367	77.537125	77.578568	77.63884	77.648376	77.617081	77.651703	77.575836	77.576141	77.634399	77.444214	77.395676	77.575699	77.535233	77.588303	77.394585	77.542374	77.581909	77.558891	77.444275	77.411346	77.527397	77.576454	77.529419	77.395081	77.454971	77.546722	77.633499	77.539993	77.534653	77.400864	77.551132	77.5271	77.593613	77.461845	77.404572	77.585594	77.409508	77.622406	77.53907	77.562866	77.590446	77.674744	77.12561	77.260757	77.119339	77.544403	77.593613	77.259842	77.243286	77.297493	77.291939	0	77.473328	77.519028	0	77.141937	77.274391	77.307426	77.200897	77.123772	77.213074	0	0	77.101707	77.191132	77.185944	77.814423	77.68959	77.381081	77.356323
Conchiformibius_steedae_DSM_2580_DSM_2580	78.529961	78.643356	78.670029	78.19455	78.38884	81.92601	96.177032	100	99.994873	0	0	77.457458	0	0	77.403931	0	0	0	0	0	0	77.38031	77.749214	77.692154	77.481903	0	0	77.461449	77.346115	0	77.422653	78.085358	77.555191	0	0	0	0	77.001328	77.651527	77.51767	0	77.228424	0	0	0	0	0	78.249283	77.920441	78.262146	77.828072	78.182785	77.746613	77.564224	77.519913	77.639282	77.602722	77.547882	77.601334	77.814865	77.685425	77.53154	77.652992	77.465622	77.711365	77.552666	77.519943	77.586174	77.604462	77.621628	77.478104	77.747437	77.629745	77.555115	77.460571	77.692352	77.576843	77.55368	77.478653	77.632278	77.581657	77.50885	77.571243	77.514076	77.58577	77.553131	77.603607	77.514069	77.489685	77.530273	77.642471	77.553627	77.533173	77.536407	77.608261	77.538559	77.574051	77.539215	77.530975	77.496124	77.53698	77.887131	77.543076	77.599182	77.690315	77.698929	77.225975	77.536247	77.500031	77.973526	77.975021	78.095169	77.997711	77.352234	77.457314	77.347694	77.476471	77.612976	77.739166	77.625092	77.990746	78.022095	77.862167	78.063889	77.735855	77.794647	78.005196	77.707504	77.980667	77.851334	77.969048	78.126312	77.661629	77.70108
Conchiformibius_steedae_DSM_2580	78.455688	78.612099	78.583817	78.236694	78.524094	81.907089	96.157974	99.994873	100	0	77.235252	77.127739	0	0	77.224594	0	77.320465	0	0	0	0	77.246582	77.542831	77.688171	77.46312	77.521523	0	0	77.376419	0	77.332718	0	77.2995	0	0	0	77.17083	77.150169	77.647301	77.377045	77.082161	77.173737	76.875504	77.189774	0	0	0	78.144325	77.974899	78.270409	77.823341	78.199707	77.721992	77.478012	77.448807	77.505676	77.547554	77.54834	77.491928	77.755585	77.616119	77.535126	77.500603	77.4394	77.626984	77.491013	77.469757	77.509026	77.522552	77.609543	77.548706	77.722	77.649582	77.537445	77.44986	77.581131	77.48954	77.510597	77.45639	77.488052	77.540146	77.483421	77.482521	77.445007	77.534256	77.530708	77.487022	77.506386	77.498627	77.453918	77.58313	77.431374	77.501801	77.474167	77.592148	77.479813	77.487549	77.482864	77.452438	77.474365	77.459686	77.749588	77.497887	77.569496	77.665787	77.671875	77.010292	77.266022	77.326958	77.964066	77.980774	78.070526	78.041481	77.316666	77.485085	77.352676	77.419441	77.585556	77.669083	77.636024	77.919044	77.970657	77.927376	78.02916	77.759506	0	0	77.599991	77.911453	77.882141	77.962753	78.023407	77.451126	77.457733
Eikenella_corrodens_491_NMEN	0	0	0	0	0	77.544373	0	0	0	100	86.33313	95.657257	92.213501	95.601158	95.707123	95.580559	95.599709	92.174789	95.54834	95.681244	85.729126	95.32402	95.705292	95.667969	95.644608	95.653198	95.749207	95.700516	95.337692	95.704529	95.741074	92.865967	95.704666	92.231857	92.163589	92.381592	95.79747	95.341286	95.685715	95.628853	86.435699	92.835503	92.004089	92.078201	92.315872	92.109665	92.310577	78.781921	81.290039	81.545364	81.219124	81.510849	0	0	0	0	0	0	0	0	0	0	0	0	0	0	0	0	0	0	0	0	0	0	0	0	0	0	0	0	0	0	0	0	0	0	0	0	0	0	0	0	0	0	0	0	0	0	0	0	0	0	0	0	0	0	0	0	0	78.682549	78.683571	79.117126	79.151733	80.137756	80.113632	80.036713	79.973969	79.955338	82.068253	81.734528	81.886971	81.800064	81.854019	81.836151	81.773453	81.770676	81.760292	81.830147	82.059166	81.951698	79.772919	79.805931	0	0
Eikenella_corrodens_ATCC_23834_ATCC_23834	0	0	0	0	0	77.681229	0	0	77.235252	86.33313	100	86.181931	85.760757	86.749512	86.256332	86.445404	86.675034	85.690849	86.677643	86.38707	91.933266	86.423737	86.384621	86.202812	86.816917	86.786415	86.37912	86.365715	86.78363	86.474335	86.468994	86.541313	86.337524	85.848633	85.681366	85.808746	86.315491	86.359512	86.24929	86.275177	99.335464	86.789009	85.921837	85.686707	85.791687	85.967987	85.764488	79.010925	79.860245	80.175003	79.963531	80.087357	0	0	0	0	0	0	0	0	0	0	0	0	0	0	0	0	0	0	0	0	0	0	0	0	0	0	0	0	0	0	0	0	0	0	0	0	0	0	0	0	0	0	0	0	0	0	0	0	0	0	0	0	0	0	0	0	0	78.334183	78.345497	79.828087	79.77462	80.200485	80.244247	80.433136	80.447304	80.548035	80.478844	80.281067	80.421158	80.352783	80.379845	80.437683	80.230545	80.056343	80.123314	80.30481	80.083389	80.0261	80.135605	80.228287	0	0
Eikenella_corrodens_CC92I_CC92I	0	0	0	0	0	77.73597	0	77.457458	77.127739	95.657257	86.181931	100	92.322395	97.380791	96.973648	96.004562	96.768387	92.083771	97.401489	97.749542	85.692299	95.330589	97.945389	99.919388	97.286552	96.823456	96.048508	99.002563	95.382477	96.088333	97.519333	92.810135	96.596802	92.352081	92.124435	92.361534	97.968498	95.303932	99.928391	97.167572	86.332428	93.077133	92.208618	92.107773	92.276131	92.208481	92.378242	78.698441	81.21566	81.30912	81.093185	81.204803	0	0	0	0	0	0	0	0	0	0	0	0	0	0	0	0	0	0	0	0	0	0	0	0	0	0	0	0	0	0	0	0	0	0	0	0	0	0	0	0	0	0	0	0	0	0	0	0	0	0	0	0	0	0	0	0	0	78.516251	78.523705	79.261948	79.160767	79.911377	80.019302	80.160568	80.175552	80.169525	81.790504	81.593124	81.686127	81.796051	81.761719	81.666008	81.79097	81.901169	81.766968	81.857742	81.886536	82.009003	79.684021	79.815598	0	0
Eikenella_corrodens_EI_01	0	0	0	0	0	77.428688	0	0	0	92.213501	85.760757	92.322395	100	92.23407	92.232422	92.199821	92.219711	95.966797	92.237679	92.279678	85.217209	91.892014	92.097168	92.314125	92.172791	92.186066	92.12262	92.127312	92.6465	92.202286	92.217377	91.128952	92.271187	99.564812	95.998276	99.380432	92.190506	91.92926	92.257637	92.191063	85.732803	91.440018	95.76503	95.974503	96.16478	95.724289	99.799385	78.552338	80.420418	80.561699	80.546921	80.538467	0	0	0	0	0	0	0	0	0	0	0	0	0	0	0	0	0	0	0	0	0	0	0	0	0	0	0	0	0	0	0	0	0	0	0	0	0	0	0	0	0	0	0	0	0	0	0	0	0	0	0	0	0	0	0	0	0	78.296814	78.324463	79.010437	79.079865	79.374146	79.394241	79.622803	79.811768	79.793182	80.699234	80.673378	80.710091	80.598145	80.577263	80.467247	80.393364	80.545395	80.466545	80.991211	80.566406	80.531891	79.445602	79.473137	0	0
Eikenella_corrodens_EI_03	0	0	0	0	0	77.52626	0	0	0	95.601158	86.749512	97.380791	92.23407	100	97.040192	95.920868	97.04039	92.049889	99.669746	97.560211	86.110748	95.257477	97.653229	97.289696	97.207123	96.972748	95.981544	97.33696	95.494781	95.889969	97.506332	92.749611	96.711548	92.237526	92.12207	92.348976	97.540497	95.315475	97.398834	97.229836	86.440292	92.938187	92.083649	92.129723	92.187584	92.03389	92.23674	78.965546	81.525452	81.638	81.20224	81.610443	0	0	0	0	0	0	0	0	0	0	0	0	0	0	0	0	0	0	0	0	0	0	0	0	0	0	0	0	0	0	0	0	0	0	0	0	0	0	0	0	0	0	0	0	0	0	0	0	0	0	0	0	0	0	0	0	0	78.499557	78.557808	79.026993	79.129623	80.061676	80.232971	79.985001	79.966858	80.071976	82.144386	82.322731	82.069283	82.024963	81.597351	81.625717	81.66716	81.797142	81.751434	81.788094	81.998856	81.86087	79.601257	79.6539	0	0
Eikenella_corrodens_EI_04	0	0	0	0	0	77.507858	77.173882	77.403931	77.224594	95.707123	86.256332	96.973648	92.232422	97.040192	100	95.980515	97.933159	92.082336	97.029243	96.96344	85.803375	95.39566	97.098145	96.941971	97.634293	97.944321	96.179916	97.108734	95.384369	96.106583	97.256958	92.845093	97.196762	92.227219	92.200508	92.318993	97.036728	95.387772	96.968712	97.497421	86.360046	93.08461	92.0728	92.178085	92.343719	92.117508	92.210922	79.093903	81.248634	81.509262	81.182953	81.272827	0	0	0	0	0	0	0	0	0	0	0	0	0	0	0	0	0	0	0	0	0	0	0	0	0	0	0	0	0	0	0	0	0	0	0	0	0	0	0	0	0	0	0	0	0	0	0	0	0	0	0	0	0	0	0	0	0	78.597168	78.591843	79.181137	79.245186	80.131287	80.303223	80.089989	80.110107	80.138275	82.294983	81.876923	82.012695	82.160652	81.8638	81.884285	81.975357	81.936493	81.815689	82.025261	82.183197	82.107018	79.85051	79.932472	0	0
Eikenella_corrodens_EI_05	0	0	0	0	0	77.458603	0	0	0	95.580559	86.445404	96.004562	92.199821	95.920868	95.980515	100	95.936691	92.010773	95.831398	95.948669	85.62886	95.19133	95.956421	95.931908	95.932465	95.88382	96.020233	95.976662	95.337242	95.972504	95.913177	92.642845	95.869232	92.171997	92.04187	92.321991	96.002357	95.178436	95.928505	95.936401	86.368561	92.853798	92.079666	92.074287	92.27652	92.071251	92.277557	78.9589	81.417328	81.514992	81.530853	81.489319	0	0	0	0	0	0	0	0	0	0	0	0	0	0	0	0	0	0	0	0	0	0	0	0	0	0	0	0	0	0	0	0	0	0	0	0	0	0	0	0	0	0	0	0	0	0	0	0	0	0	0	0	0	0	0	0	0	78.644592	78.71299	79.187416	79.177292	79.948128	80.46286	80.124176	80.144302	80.151245	82.125061	81.83815	81.890335	81.7771	81.731232	81.765442	81.777145	81.570595	81.569603	81.863457	81.825935	81.707092	79.698334	79.758377	0	0
Eikenella_corrodens_EI_06	0	0	0	0	0	77.525925	0	0	77.320465	95.599709	86.675034	96.768387	92.219711	97.04039	97.933159	95.936691	100	92.044556	96.946686	96.80751	86.198967	95.288696	96.986008	96.743942	97.47493	97.956764	96.228386	96.985237	95.541061	96.069626	97.075211	92.662415	96.972237	92.191643	92.130707	92.166794	96.931519	95.316833	96.762459	97.573265	86.379333	92.858795	92.040207	92.100914	92.075699	92.074738	92.106964	78.81665	81.361832	81.460205	81.580376	81.36615	0	0	0	0	0	0	0	0	0	0	0	0	0	0	0	0	0	0	0	0	0	0	0	0	0	0	0	0	0	0	0	0	0	0	0	0	0	0	0	0	0	0	0	0	0	0	0	0	0	0	0	0	0	0	0	0	0	78.545547	78.55146	79.106377	79.219986	80.059517	80.265755	79.981041	79.880371	80.017746	82.26519	82.381149	82.020142	82.094139	81.920074	81.817375	81.737015	82.008377	81.797737	81.8125	82.189865	82.216232	79.770752	79.774971	0	0
Eikenella_corrodens_EI_07	0	0	0	0	0	77.52813	0	0	0	92.174789	85.690849	92.083771	95.966797	92.049889	92.082336	92.010773	92.044556	100	92.070335	92.035324	85.361313	92.116852	92.034538	92.134506	92.145287	92.087982	92.13382	91.974487	92.304428	92.010178	92.07312	91.233459	92.052376	95.924202	99.416107	95.939499	92.089828	92.08342	92.125801	92.02655	85.678375	91.354004	95.390327	99.782257	95.501678	95.364349	95.931084	78.72731	80.633751	80.849007	80.47197	80.766541	0	0	0	0	0	0	0	0	0	0	0	0	0	0	0	0	0	0	0	0	0	0	0	0	0	0	0	0	0	0	0	0	0	0	0	0	0	0	0	0	0	0	0	0	0	0	0	0	0	0	0	0	0	0	0	0	0	78.64283	78.544617	79.223877	79.209213	79.601326	79.790054	79.757782	79.693207	79.748627	80.994858	80.649223	80.694336	80.898102	80.817703	80.736481	80.70668	80.900246	80.951874	81.129166	80.970222	80.828766	79.472046	79.513992	0	0
Eikenella_corrodens_EI_08	0	0	0	0	0	77.56839	0	0	0	95.54834	86.677643	97.401489	92.237679	99.669746	97.029243	95.831398	96.946686	92.070335	100	97.434303	86.038712	95.257324	97.529892	97.406227	97.137741	96.887474	95.863388	97.238235	95.502213	95.850784	97.376663	92.618256	96.77079	92.337799	92.091064	92.218399	97.453354	95.230232	97.357315	97.199249	86.310104	93.044235	92.129272	92.168137	92.157074	92.014534	92.294174	78.91925	81.43116	81.624069	81.302094	81.572159	0	0	0	0	0	0	0	0	0	0	0	0	0	0	0	0	0	0	0	0	0	0	0	0	0	0	0	0	0	0	0	0	0	0	0	0	0	0	0	0	0	0	0	0	0	0	0	0	0	0	0	0	0	0	0	0	0	78.576401	78.602394	79.079666	79.179367	80.036804	80.176498	79.940598	80.074677	79.988541	82.093201	82.181007	81.875015	81.938293	81.601021	81.637848	81.609596	81.825851	81.732529	82.331108	81.988861	81.841827	79.723526	79.7285	0	0
Eikenella_corrodens_EI_09	0	0	0	0	0	77.549606	0	0	0	95.681244	86.38707	97.749542	92.279678	97.560211	96.96344	95.948669	96.80751	92.035324	97.434303	100	85.936546	95.252335	99.150833	97.718796	97.274963	96.719498	95.978165	97.542465	95.401215	96.03186	97.800247	92.60434	96.55307	92.163261	92.055008	92.169243	98.075638	95.235756	97.703278	97.142815	86.34729	93.051208	92.117981	92.092117	92.22757	92.104416	92.19548	79.105392	81.219147	81.444458	81.151634	81.464874	0	0	0	0	0	0	0	0	0	0	0	0	0	0	0	0	0	0	0	0	0	0	0	0	0	0	0	0	0	0	0	0	0	0	0	0	0	0	0	0	0	0	0	0	0	0	0	0	0	0	0	0	0	0	0	0	0	78.637253	78.650574	79.10218	79.186226	80.038261	80.416603	80.002632	80.321945	80.463531	82.229599	81.816231	82.11412	82.172745	81.709137	81.707954	81.801857	81.710052	81.691528	82.370529	82.114197	81.985748	79.660812	79.571823	0	0
Eikenella_corrodens_FDAARGOS_1474	0	0	0	0	0	77.42662	0	0	0	85.729126	91.933266	85.692299	85.217209	86.110748	85.803375	85.62886	86.198967	85.361313	86.038712	85.936546	100	85.792892	85.566849	85.485046	86.536087	86.198196	85.992691	85.756218	86.381874	85.804245	85.55484	86.022293	85.839615	85.279099	85.469528	85.367714	86.028458	85.74173	85.557076	85.747284	91.802879	86.196335	85.330368	85.285553	85.777939	85.586258	85.444534	78.196274	79.317139	79.524628	79.585861	79.52224	0	0	0	0	0	0	0	0	0	0	0	0	0	0	0	0	0	0	0	0	0	0	0	0	0	0	0	0	0	0	0	0	0	0	0	0	0	0	0	0	0	0	0	0	0	0	0	0	0	0	0	0	0	0	0	0	0	78.16301	78.248642	79.345367	79.511581	79.79361	80.006866	80.123062	79.99614	80.114899	79.803444	79.698555	79.868484	79.650467	79.833572	79.954094	79.84874	79.90152	79.936508	79.681747	79.892715	79.733459	79.918388	79.99968	0	0
Eikenella_corrodens_KCOM_1378	0	0	0	0	0	77.766899	77.208206	77.38031	77.246582	95.32402	86.423737	95.330589	91.892014	95.257477	95.39566	95.19133	95.288696	92.116852	95.257324	95.252335	85.792892	100	95.307304	95.232635	95.361694	95.305374	95.32753	95.340721	94.885971	95.320419	95.265427	92.780685	95.263611	91.921188	92.116005	91.979744	95.360153	99.956787	95.297592	95.312286	86.400864	92.848358	91.989212	92.128777	91.962715	92.038254	91.973808	78.662384	81.230942	81.407104	81.235977	81.363487	0	0	0	0	0	0	0	0	0	0	0	0	0	0	0	0	0	0	0	0	0	0	0	0	0	0	0	0	0	0	0	0	0	0	0	0	0	0	0	0	0	0	0	0	0	0	0	0	0	0	0	0	0	0	0	0	0	78.612106	78.609329	79.123482	79.123505	79.854729	80.048943	80.070526	80.102982	80.231537	81.743469	81.780716	81.903648	81.554276	81.622299	81.675964	81.845459	81.577911	81.500946	81.517731	81.800926	81.738396	79.736237	79.778976	0	0
Eikenella_corrodens_KCOM_3110	0	0	0	0	0	77.540688	0	77.749214	77.542831	95.705292	86.384621	97.945389	92.097168	97.653229	97.098145	95.956421	96.986008	92.034538	97.529892	99.150833	85.566849	95.307304	100	97.96109	97.458176	96.943779	96.131851	97.648666	95.469086	96.053329	97.880508	92.755058	96.698578	92.084679	92.219292	92.254562	98.375427	95.320198	97.953979	97.195526	86.279594	92.870102	92.097313	92.177101	92.1698	92.131073	92.221786	79.172554	81.302658	81.63588	81.349464	81.751801	0	0	0	0	0	0	0	0	0	0	0	0	0	0	0	0	0	0	0	0	0	0	0	0	0	0	0	0	0	0	0	0	0	0	0	0	0	0	0	0	0	0	0	0	0	0	0	0	0	0	0	0	0	0	0	0	0	78.485504	78.579376	79.301636	79.237717	79.892097	80.204468	80.112488	80.191895	80.419365	82.225189	81.89386	81.947174	82.256577	81.95005	81.958099	81.904984	81.896851	81.825043	81.667732	82.005875	82.029594	79.711517	79.724792	0	0
Eikenella_corrodens_NCTC10596	0	0	0	0	0	77.719704	0	77.692154	77.688171	95.667969	86.202812	99.919388	92.314125	97.289696	96.941971	95.931908	96.743942	92.134506	97.406227	97.718796	85.485046	95.232635	97.96109	100	97.303497	96.790237	96.071091	99.00058	95.349609	96.075485	97.546478	92.741928	96.568985	92.235283	92.074478	92.292351	97.998817	95.249649	99.999695	97.15625	86.210449	93.009003	92.146973	92.106232	92.236084	92.123169	92.25351	79.001579	81.139847	81.568039	81.125366	81.559937	0	0	0	0	0	0	0	0	0	0	0	0	0	0	0	0	0	0	0	0	0	0	0	0	0	0	0	0	0	0	0	0	0	0	0	0	0	0	0	0	0	0	0	0	0	0	0	0	0	0	0	0	0	0	0	0	0	78.686737	78.758194	79.246643	79.186592	80.070717	80.10656	80.040634	80.209892	80.346214	81.975639	81.909447	81.88533	82.051529	82.046776	82.001495	81.869034	82.067932	81.976944	81.900101	82.156723	82.216522	79.755676	79.845032	0	0
Eikenella_corrodens_NML01-0040	0	0	0	0	0	77.621071	0	77.481903	77.46312	95.644608	86.816917	97.286552	92.172791	97.207123	97.634293	95.932465	97.47493	92.145287	97.137741	97.274963	86.536087	95.361694	97.458176	97.303497	100	97.820831	96.024071	97.285309	95.49247	95.984131	97.530205	92.707672	96.899689	92.148132	92.259872	92.270523	97.272781	95.34111	97.231308	97.609955	86.287338	92.833115	92.060898	92.141815	92.255699	92.229134	92.270294	79.225494	81.694077	81.714569	81.297989	81.784943	0	0	0	0	0	0	0	0	0	0	0	0	0	0	0	0	0	0	0	0	0	0	0	0	0	0	0	0	0	0	0	0	0	0	0	0	0	0	0	0	0	0	0	0	0	0	0	0	0	0	0	0	0	0	0	0	0	78.455536	78.597252	79.20491	79.273788	79.994598	80.177025	80.127258	80.116425	80.232422	81.997726	82.057861	81.861801	82.080643	81.925217	81.919319	81.804276	81.912552	81.919479	81.892166	82.202805	82.219116	79.672272	79.782669	0	0
Eikenella_corrodens_NML01-0328	0	0	0	0	0	77.62397	0	0	77.521523	95.653198	86.786415	96.823456	92.186066	96.972748	97.944321	95.88382	97.956764	92.087982	96.887474	96.719498	86.198196	95.305374	96.943779	96.790237	97.820831	100	96.189178	96.927048	95.413956	96.036392	97.151123	92.754242	97.353729	92.132187	92.14563	92.20282	97.011299	95.283752	96.788193	97.411331	86.218033	93.007248	92.141083	92.134384	92.173737	92.160507	92.17646	78.913803	81.376846	81.505005	81.459656	81.601479	0	0	0	0	0	0	0	0	0	0	0	0	0	0	0	0	0	0	0	0	0	0	0	0	0	0	0	0	0	0	0	0	0	0	0	0	0	0	0	0	0	0	0	0	0	0	0	0	0	0	0	0	0	0	0	0	0	78.424179	78.531464	79.229218	79.326729	79.908371	80.305298	79.981697	79.923119	79.969971	81.784729	81.872429	81.731979	81.837173	81.606834	81.600403	81.629684	81.779915	81.656021	81.774094	81.603516	81.635956	79.669518	79.781265	0	0
Eikenella_corrodens_NML04-0072	0	0	0	0	0	77.746391	0	0	0	95.749207	86.37912	96.048508	92.12262	95.981544	96.179916	96.020233	96.228386	92.13382	95.863388	95.978165	85.992691	95.32753	96.131851	96.071091	96.024071	96.189178	100	96.084335	95.529716	98.69368	96.119858	92.827156	96.139069	92.15686	92.120735	92.447632	96.139679	95.362793	96.014862	96.107628	86.353134	93.052689	92.014038	92.129257	92.262329	92.076431	92.268585	79.060303	80.805794	80.930542	80.916054	80.947113	0	0	0	0	0	0	0	0	0	0	0	0	0	0	0	0	0	0	0	0	0	0	0	0	0	0	0	0	0	0	0	0	0	0	0	0	0	0	0	0	0	0	0	0	0	0	0	0	0	0	0	0	0	0	0	0	0	78.408981	78.571075	79.196365	79.210693	80.340591	80.090591	80.012955	80.095734	80.131119	82.000824	81.63002	81.762375	82.134216	81.643387	81.605408	81.649826	81.862122	81.7742	81.942596	81.92411	81.774963	79.557922	79.750587	0	0
Eikenella_corrodens_NML120819	0	0	0	0	0	77.652939	0	77.461449	0	95.700516	86.365715	99.002563	92.127312	97.33696	97.108734	95.976662	96.985237	91.974487	97.238235	97.542465	85.756218	95.340721	97.648666	99.00058	97.285309	96.927048	96.084335	100	95.350861	95.985847	97.588364	92.648819	96.617966	92.123436	92.040787	92.276382	97.515198	95.387589	98.975319	97.174194	86.328918	93.06987	92.107674	92.101509	92.162476	92.087234	92.205643	78.996689	81.187935	81.27224	81.031006	81.199394	0	0	0	0	0	0	0	0	0	0	0	0	0	0	0	0	0	0	0	0	0	0	0	0	0	0	0	0	0	0	0	0	0	0	0	0	0	0	0	0	0	0	0	0	0	0	0	0	0	0	0	0	0	0	0	0	0	78.431808	78.472443	79.068878	79.124878	80.033401	79.997765	80.134293	80.227524	80.226517	81.933464	81.626328	81.761017	81.888321	81.634354	81.505615	81.575348	82.07869	82.068878	81.897141	81.819977	81.709534	79.668427	79.849594	0	0
Eikenella_corrodens_NML130388	0	0	0	0	0	77.498672	0	77.346115	77.376419	95.337692	86.78363	95.382477	92.6465	95.494781	95.384369	95.337242	95.541061	92.304428	95.502213	95.401215	86.381874	94.885971	95.469086	95.349609	95.49247	95.413956	95.529716	95.350861	100	95.534317	95.44883	92.803543	95.44458	92.636765	92.265396	92.575615	95.443611	94.84642	95.339401	95.344032	86.478722	93.171631	92.541817	92.401344	92.676056	92.502289	92.691795	78.833611	81.214951	81.308731	81.259537	81.113762	0	0	0	0	0	0	0	0	0	0	0	0	0	0	0	0	0	0	0	0	0	0	0	0	0	0	0	0	0	0	0	0	0	0	0	0	0	0	0	0	0	0	0	0	0	0	0	0	0	0	0	0	0	0	0	0	0	78.532578	78.487869	79.192795	79.223473	79.767715	79.990334	79.829147	79.900055	79.959831	82.031822	81.713913	82.054611	81.861267	81.82045	81.69072	81.81443	81.916214	81.705711	82.016571	81.876862	81.758087	79.698639	79.771576	0	0
Eikenella_corrodens_NML140207	0	0	0	0	0	77.402115	77.17202	0	0	95.704529	86.474335	96.088333	92.202286	95.889969	96.106583	95.972504	96.069626	92.010178	95.850784	96.03186	85.804245	95.320419	96.053329	96.075485	95.984131	96.036392	98.69368	95.985847	95.534317	100	96.076492	92.787651	96.01989	92.206863	92.201508	92.221695	96.094147	95.339142	96.122131	96.125984	86.416153	93.044861	92.025894	92.135788	92.316193	92.183975	92.221268	78.626114	80.769775	80.826263	81.014565	80.860184	0	0	0	0	0	0	0	0	0	0	0	0	0	0	0	0	0	0	0	0	0	0	0	0	0	0	0	0	0	0	0	0	0	0	0	0	0	0	0	0	0	0	0	0	0	0	0	0	0	0	0	0	0	0	0	0	0	78.376068	78.400894	79.210129	79.263641	80.046753	79.805534	79.878464	79.887238	79.958084	81.791138	81.53157	81.845947	81.626038	81.722198	81.608742	81.678452	81.80043	81.718521	81.635895	81.653725	81.551956	79.757935	79.779968	0	0
Eikenella_exigua_EI_02	0	0	0	0	0	77.487701	77.231117	77.422653	77.332718	95.741074	86.468994	97.519333	92.217377	97.506332	97.256958	95.913177	97.075211	92.07312	97.376663	97.800247	85.55484	95.265427	97.880508	97.546478	97.530205	97.151123	96.119858	97.588364	95.44883	96.076492	100	92.752357	96.744965	92.156952	92.140533	92.196762	97.510452	95.296043	97.538971	97.317307	86.323997	93.112061	92.0858	92.102615	92.196007	92.110222	92.229187	79.093094	81.431145	81.57766	81.175774	81.663239	0	0	0	0	0	0	0	0	0	0	0	0	0	0	0	0	0	0	0	0	0	0	0	0	0	0	0	0	0	0	0	0	0	0	0	0	0	0	0	0	0	0	0	0	0	0	0	0	0	0	0	0	0	0	0	0	0	78.677032	78.67276	79.117447	79.13623	79.856186	80.248222	80.096786	80.519043	80.560287	81.994011	81.89193	81.935349	81.925819	81.524475	81.521347	81.6474	81.771103	81.631187	81.805717	82.118469	81.990341	79.687103	79.842972	0	0
Eikenella_exigua_PXX	0	0	0	0	0	77.966843	77.271622	78.085358	0	92.865967	86.541313	92.810135	91.128952	92.749611	92.845093	92.642845	92.662415	91.233459	92.618256	92.60434	86.022293	92.780685	92.755058	92.741928	92.707672	92.754242	92.827156	92.648819	92.803543	92.787651	92.752357	100	92.748962	91.140396	91.137535	91.11113	92.867203	92.776779	92.757339	92.752632	86.597244	94.065353	91.109406	91.184486	91.234985	91.176804	91.126663	79.030685	81.737518	81.950607	81.69368	81.818069	0	0	0	0	0	0	0	0	0	0	0	0	0	0	0	0	0	0	0	0	0	0	0	0	0	0	0	0	0	0	0	0	0	0	0	0	0	0	0	0	0	0	0	0	0	0	0	0	0	0	0	0	0	0	0	0	0	78.661331	78.868622	79.382156	79.276993	80.210678	80.220795	80.217789	80.141418	80.212845	81.973297	81.508728	81.739311	81.837067	81.77874	81.779663	81.598801	82.120796	82.139847	81.362877	81.71701	81.617554	79.896622	79.954712	0	0
Eikenella_glucosivorans_S3360	0	0	0	0	0	77.649109	0	77.555191	77.2995	95.704666	86.337524	96.596802	92.271187	96.711548	97.196762	95.869232	96.972237	92.052376	96.77079	96.55307	85.839615	95.263611	96.698578	96.568985	96.899689	97.353729	96.139069	96.617966	95.44458	96.01989	96.744965	92.748962	100	92.200241	92.132858	92.189758	96.753326	95.28627	96.576248	97.055969	86.30423	93.119827	92.061752	92.180687	92.300896	92.155685	92.205994	78.472809	81.379684	81.536835	81.227501	81.543236	0	0	0	0	0	0	0	0	0	0	0	0	0	0	0	0	0	0	0	0	0	0	0	0	0	0	0	0	0	0	0	0	0	0	0	0	0	0	0	0	0	0	0	0	0	0	0	0	0	0	0	0	0	0	0	0	0	78.452522	78.426361	79.191406	79.276573	80.015961	80.128426	79.913406	80.058228	80.157883	82.070473	81.642685	81.896759	81.70697	81.60067	81.752655	81.605392	81.793068	81.6241	81.631317	81.820168	81.877075	79.632141	79.668091	0	0
Eikenella_halliae_NML130454	0	0	0	0	0	77.476471	0	0	0	92.231857	85.848633	92.352081	99.564812	92.237526	92.227219	92.171997	92.191643	95.924202	92.337799	92.163261	85.279099	91.921188	92.084679	92.235283	92.148132	92.132187	92.15686	92.123436	92.636765	92.206863	92.156952	91.140396	92.200241	100	95.964249	99.22998	92.203087	91.961517	92.231216	92.252045	85.832596	91.44043	95.778008	95.941307	96.137291	95.735115	99.540001	78.723885	80.290657	80.313698	80.43988	80.412521	0	0	0	0	0	0	0	0	0	0	0	0	0	0	0	0	0	0	0	0	0	0	0	0	0	0	0	0	0	0	0	0	0	0	0	0	0	0	0	0	0	0	0	0	0	0	0	0	0	0	0	0	0	0	0	0	0	78.261421	78.229836	79.058624	79.106522	79.44001	79.40509	79.599792	79.630966	79.790375	80.646591	80.691391	80.779617	80.453613	80.426628	80.459427	80.371796	80.640198	80.501846	80.954712	80.501785	80.504601	79.522339	79.429108	0	0
Eikenella_longinqua_NML02-A-017	0	0	0	0	0	77.460175	77.203468	0	0	92.163589	85.681366	92.124435	95.998276	92.12207	92.200508	92.04187	92.130707	99.416107	92.091064	92.055008	85.469528	92.116005	92.219292	92.074478	92.259872	92.14563	92.120735	92.040787	92.265396	92.201508	92.140533	91.137535	92.132858	95.964249	100	95.93782	92.131134	92.121185	92.099014	92.161789	85.638458	91.263687	95.41745	99.511505	95.719498	95.492233	95.946243	78.502968	80.442307	80.501968	80.302841	80.42968	0	0	0	0	0	0	0	0	0	0	0	0	0	0	0	0	0	0	0	0	0	0	0	0	0	0	0	0	0	0	0	0	0	0	0	0	0	0	0	0	0	0	0	0	0	0	0	0	0	0	0	0	0	0	0	0	0	78.497635	78.381744	78.96656	79.03186	79.499786	79.725082	79.564224	79.523575	79.560684	80.828445	80.64389	80.788651	80.737244	80.580521	80.515518	80.492722	80.683578	80.745613	80.554367	80.811852	80.704941	79.570618	79.5224	0	0
Eikenella_sp._HMSC061C02_HMSC061C02	0	0	0	0	0	77.49321	0	0	0	92.381592	85.808746	92.361534	99.380432	92.348976	92.318993	92.321991	92.166794	95.939499	92.218399	92.169243	85.367714	91.979744	92.254562	92.292351	92.270523	92.20282	92.447632	92.276382	92.575615	92.221695	92.196762	91.11113	92.189758	99.22998	95.93782	100	92.22361	92.010674	92.256256	92.260559	85.914886	91.434807	95.705124	95.877296	96.139114	95.752411	99.351418	78.617203	80.336807	80.440948	80.587936	80.458786	0	0	0	0	0	0	0	0	0	0	0	0	0	0	0	0	0	0	0	0	0	0	0	0	0	0	0	0	0	0	0	0	0	0	0	0	0	0	0	0	0	0	0	0	0	0	0	0	0	0	0	0	0	0	0	0	0	78.322968	78.287399	79.065277	79.075058	79.540245	79.472229	79.706062	79.702423	79.836105	80.802254	80.581352	80.631683	80.641464	80.617798	80.586868	80.406151	80.505142	80.402115	80.555573	80.518097	80.523506	79.431442	79.518509	0	0
Eikenella_sp._HMSC071B05_HMSC071B05	0	0	0	0	0	77.630127	0	0	77.17083	95.79747	86.315491	97.968498	92.190506	97.540497	97.036728	96.002357	96.931519	92.089828	97.453354	98.075638	86.028458	95.360153	98.375427	97.998817	97.272781	97.011299	96.139679	97.515198	95.443611	96.094147	97.510452	92.867203	96.753326	92.203087	92.131134	92.22361	100	95.359329	97.997246	97.241486	86.464348	93.083267	92.168472	92.158722	92.356689	92.363327	92.265762	78.469147	81.120575	81.242218	81.287201	81.189438	0	0	0	0	0	0	0	0	0	0	0	0	0	0	0	0	0	0	0	0	0	0	0	0	0	0	0	0	0	0	0	0	0	0	0	0	0	0	0	0	0	0	0	0	0	0	0	0	0	0	0	0	0	0	0	0	0	78.280647	78.340126	79.107513	79.093185	80.122795	80.153618	80.037285	79.970215	79.979919	81.977478	82.000946	81.753998	81.823624	81.760941	81.671883	81.748108	81.984833	81.914261	81.692139	81.967941	82.011909	79.767761	79.688591	0	0
Eikenella_sp._HMSC073A11_HMSC073A11	0	0	0	0	0	77.799377	77.158714	77.001328	77.150169	95.341286	86.359512	95.303932	91.92926	95.315475	95.387772	95.178436	95.316833	92.08342	95.230232	95.235756	85.74173	99.956787	95.320198	95.249649	95.34111	95.283752	95.362793	95.387589	94.84642	95.339142	95.296043	92.776779	95.28627	91.961517	92.121185	92.010674	95.359329	100	95.2715	95.309799	86.351089	92.813934	92.00705	92.071533	91.964539	92.040001	92.018463	78.660217	81.407639	81.507126	81.371475	81.42672	0	0	0	0	0	0	0	0	0	0	0	0	0	0	0	0	0	0	0	0	0	0	0	0	0	0	0	0	0	0	0	0	0	0	0	0	0	0	0	0	0	0	0	0	0	0	0	0	0	0	0	0	0	0	0	0	0	78.632431	78.667328	79.103134	79.123535	79.985039	80.130081	80.006569	80.090607	80.154312	81.812584	81.84079	81.863434	81.598007	81.634178	81.755058	81.713776	81.593529	81.48983	81.429474	81.837761	81.642014	79.696716	79.79599	0	0
Eikenella_sp._Marseille-P7795_Marseille-P7795	0	0	0	0	0	77.649269	0	77.651527	77.647301	95.685715	86.24929	99.928391	92.257637	97.398834	96.968712	95.928505	96.762459	92.125801	97.357315	97.703278	85.557076	95.297592	97.953979	99.999695	97.231308	96.788193	96.014862	98.975319	95.339401	96.122131	97.538971	92.757339	96.576248	92.231216	92.099014	92.256256	97.997246	95.2715	100	97.216118	86.399109	93.04863	92.182175	92.120338	92.314186	92.15451	92.315475	78.984222	81.289246	81.617157	81.179764	81.543732	0	0	0	0	0	0	0	0	0	0	0	0	0	0	0	0	0	0	0	0	0	0	0	0	0	0	0	0	0	0	0	0	0	0	0	0	0	0	0	0	0	0	0	0	0	0	0	0	0	0	0	0	0	0	0	0	0	78.691437	78.754181	79.38044	79.323006	79.98243	80.111374	80.072739	80.117416	80.330307	81.863968	81.924973	81.893143	82.064514	82.051468	82.005692	81.940674	81.983994	81.930725	81.981323	82.062271	82.196487	79.708275	79.80407	0	0
Eikenella_sp._NML01-A-086_NML01-A-086	0	0	0	0	0	77.720718	0	77.51767	77.377045	95.628853	86.275177	97.167572	92.191063	97.229836	97.497421	95.936401	97.573265	92.02655	97.199249	97.142815	85.747284	95.312286	97.195526	97.15625	97.609955	97.411331	96.107628	97.174194	95.344032	96.125984	97.317307	92.752632	97.055969	92.252045	92.161789	92.260559	97.241486	95.309799	97.216118	100	86.376999	93.140503	92.122971	92.13829	92.27092	92.205673	92.177521	78.865341	81.012329	81.255569	81.146881	81.125381	0	0	0	0	0	0	0	0	0	0	0	0	0	0	0	0	0	0	0	0	0	0	0	0	0	0	0	0	0	0	0	0	0	0	0	0	0	0	0	0	0	0	0	0	0	0	0	0	0	0	0	0	0	0	0	0	0	78.625008	78.636345	79.1819	79.27285	80.014389	80.214836	80.167412	80.119888	80.056084	81.903915	81.783905	81.863503	81.81575	81.730743	81.73304	81.720383	81.711197	81.726151	81.627884	81.948822	81.842789	79.759674	79.838028	0	0
